20	
16	
17	
18	
19	
17	
18	
19	
21	
18	
19	
21	
22	
19	
21	
22	
23	
21	
22	
23	
24	
14	
15	
16	
15	
17	
18	
17	
18	
20	
19	
20	
21	
13	
16	
19	
19	
22	
16	
19	
20	
18	
20	
22	
20	
22	
23	
18	
21	
24	
20	
21	
24	
22	
23	
25	
23	
26	
24	
25	
26	
28	
12	
14	
16	
18	
17	
19	
21	
22	
24	
27	
15	
16	
17	
18	
19	
12	
13	
14	
14	
15	
16	
10	
11	
12	
13	
9	
13	
14	
15	
16	
17	
18	
12	
14	
15	
16	
13	
14	
16	
17	
17	
18	
20	
15	
16	
18	
19	
17	
16	
17	
19	
18	
20	
21	
18	
19	
20	
22	
21	
18	
19	
20	
20	
21	
22	
21	
22	
23	
24	
25	
17	
16	
15	
14	
11	
12	
13	
13	
14	
15	
12	
11	
10	
9	
14	
13	
12	
10	
16	
15	
13	
12	
18	
16	
15	
14	
19	
18	
17	
16	
8	
11	
14	
17	
20	
8	
9	
10	
11	
10	
11	
14	
10	
12	
11	
12	
7	
9	
11	
13	
15	
6	
7	
8	
9	
10	
5	
10	
15	
20	
25	
30	
11	
12	
13	
14	
14	
16	
17	
18	
18	
19	
21	
22	
22	
23	
24	
26	
26	
27	
28	
29	
