0	
0	
0	
0	
0	
0	
0	
0	
0	
0	
0	
0	
0	
0	
0	
0	
0	
0	
0	
0	
0	
0	
0	
0	
0	
0	
0	
0	
0	
0	
0	
0	
0	
0	
0	
0	
0	
0	
0	
0	
0	
0	
0	
0	
0	
0	
0	
0	
0	
0	
0	
0	
0	
0	
0	
0	
0	
0	
0	
0	
0	
0	
0	
0	
0	
0	
0	
0	
0	
0	
0	
0	
0	
0	
0	
0	
0	
0	
0	
0	
0	
0	
0	
0	
0	
0	
0	
9	
0	
0	
0	
0	
0	
0	
0	
0	
0	
0	
13	
0	
0	
0	
0	
0	
0	
0	
0	
0	
0	
17	
0	
0	
0	
0	
0	
0	
0	
0	
0	
0	
21	
0	
0	
0	
0	
0	
0	
0	
0	
0	
0	
25	
0	
0	
0	
0	
0	
0	
0	
0	
0	
0	
0	
0	
0	
0	
0	
0	
0	
0	
0	
0	
0	
0	
0	
0	
0	
0	
0	
0	
0	
0	
0	
0	
0	
0	
0	
0	
0	
0	
0	
0	
0	
0	
0	
0	
0	
0	
0	
0	
0	
0	
0	
6	
7	
8	
9	
10	
5	
10	
15	
20	
25	
30	
11	
12	
13	
14	
14	
16	
17	
18	
18	
19	
21	
22	
22	
23	
24	
26	
26	
27	
28	
29	
