4	
4	
4	
0	
4	
4	
4	
0	
4	
8	
8	
8	
8	
4	
0	
4	
4	
4	
0	
4	
4	
4	
0	
0	
8	
8	
8	
0	
4	
0	
0	
4	
0	
0	
12	
0	
0	
0	
8	
8	
8	
0	
4	
0	
0	
4	
0	
12	
0	
0	
8	
8	
8	
8	
8	
8	
8	
8	
0	
0	
4	
0	
0	
8	
0	
0	
8	
0	
0	
12	
12	
0	
4	
4	
0	
4	
4	
4	
0	
0	
4	
4	
0	
0	
4	
0	
0	
0	
4	
0	
0	
4	
4	
0	
0	
4	
0	
0	
0	
8	
8	
8	
8	
8	
8	
12	
12	
12	
12	
16	
0	
4	
0	
4	
0	
4	
0	
0	
4	
0	
0	
0	
4	
0	
4	
0	
4	
0	
0	
4	
0	
0	
4	
0	
4	
4	
4	
0	
0	
4	
4	
0	
0	
0	
4	
0	
0	
0	
4	
0	
8	
8	
8	
8	
0	
4	
0	
0	
0	
4	
0	
0	
0	
0	
12	
0	
0	
0	
4	
0	
0	
0	
0	
0	
4	
0	
0	
4	
0	
0	
8	
0	
0	
0	
0	
4	
0	
0	
0	
0	
0	
20	
0	
0	
0	
4	
0	
0	
0	
4	
0	
0	
16	
16	
16	
16	
0	
0	
4	
0	
0	
0	
4	
0	
