6	
0	
6	
6	
6	
0	
6	
6	
6	
0	
6	
6	
6	
0	
6	
6	
6	
12	
12	
12	
12	
0	
0	
6	
0	
0	
6	
0	
0	
6	
12	
12	
12	
0	
0	
0	
0	
18	
0	
0	
6	
0	
0	
6	
12	
12	
12	
0	
0	
18	
0	
0	
6	
12	
12	
12	
0	
18	
12	
12	
12	
18	
0	
0	
0	
12	
0	
0	
12	
0	
12	
12	
0	
6	
6	
6	
6	
0	
0	
6	
0	
6	
6	
0	
0	
0	
6	
0	
0	
0	
6	
0	
6	
6	
0	
0	
0	
6	
0	
0	
0	
6	
0	
6	
6	
0	
0	
0	
6	
0	
0	
0	
6	
0	
6	
6	
0	
0	
0	
6	
0	
12	
12	
12	
12	
12	
12	
18	
18	
18	
18	
24	
6	
6	
6	
0	
0	
0	
6	
0	
6	
6	
6	
0	
0	
0	
6	
0	
0	
0	
6	
0	
0	
0	
6	
0	
0	
0	
12	
12	
12	
12	
0	
0	
0	
0	
18	
0	
0	
0	
6	
0	
6	
6	
0	
6	
0	
0	
0	
0	
0	
0	
12	
0	
0	
0	
0	
6	
0	
0	
0	
0	
0	
30	
0	
0	
0	
6	
0	
0	
0	
6	
0	
0	
0	
6	
0	
0	
0	
6	
24	
24	
24	
24	
