0	
0	
0	
0	
0	
0	
0	
0	
0	
0	
0	
0	
0	
0	
0	
0	
0	
0	
0	
0	
0	
0	
0	
0	
0	
0	
0	
0	
0	
0	
0	
0	
0	
13	
16	
19	
19	
22	
0	
0	
0	
0	
0	
0	
0	
0	
0	
18	
21	
24	
0	
0	
0	
0	
0	
0	
23	
26	
0	
0	
0	
28	
12	
14	
16	
18	
17	
19	
21	
22	
24	
27	
0	
0	
0	
0	
0	
0	
0	
0	
0	
0	
0	
10	
11	
12	
13	
9	
0	
0	
0	
0	
0	
0	
12	
14	
15	
16	
13	
0	
0	
0	
0	
0	
0	
15	
16	
18	
19	
17	
0	
0	
0	
0	
0	
0	
18	
19	
20	
22	
21	
0	
0	
0	
0	
0	
0	
21	
22	
23	
24	
25	
0	
0	
0	
0	
0	
0	
0	
0	
0	
0	
0	
0	
0	
0	
0	
0	
0	
0	
0	
0	
0	
0	
0	
0	
0	
0	
0	
0	
0	
0	
8	
11	
14	
17	
20	
8	
9	
10	
11	
10	
11	
14	
10	
12	
11	
12	
7	
9	
11	
13	
15	
6	
7	
8	
9	
10	
5	
10	
15	
20	
25	
30	
11	
12	
13	
14	
14	
16	
17	
18	
18	
19	
21	
22	
22	
23	
24	
26	
26	
27	
28	
29	
